import Contextmenu from "@/util/contextmenu";

const cropSizes = [
  { labelKey: "editImage.originalSize", value: "original" },
  { type: "separator" },
  { label: "100 %", value: 1 },
  { label: "75 %", value: 0.75 },
  { label: "67 %", value: 2 / 3 },
  { label: "50 %", value: 0.5 },
  { label: "33 %", value: 1 / 3 },
  { label: "25 %", value: 0.25 },
  { type: "separator" },
  { label: "120 × 90", value: [120, 90] },
  { label: "160 × 120", value: [160, 120] },
  { label: "200 × 150", value: [200, 150] },
  { label: "320 × 240", value: [320, 240] },
  { label: "640 × 480", value: [640, 480] },
  { label: "800 × 600", value: [800, 600] },
  { label: "1024 × 768", value: [1024, 768] },
  { label: "1200 × 900", value: [1200, 900] },
  { label: "1280 × 800", value: [1280, 800] },
  { label: "1280 × 1024", value: [1280, 1024] },
  { label: "1366 × 768", value: [1366, 768] },
  { label: "1600 × 1200", value: [1600, 1200] },
  { label: "1920 × 1080", value: [1920, 1080] },
  { label: "2048 × 1536", value: [2048, 1536] },
  { label: "3200 × 1800", value: [3200, 1800] },
  { label: "3840 × 2160", value: [3840, 2160] },
  { type: "separator" },
  { label: "90 × 120", value: [90, 120] },
  { label: "120 × 160", value: [120, 160] },
  { label: "150 × 200", value: [150, 200] },
  { label: "240 × 320", value: [240, 320] },
  { label: "480 × 640", value: [480, 640] },
  { label: "600 × 800", value: [600, 800] },
  { label: "768 × 1024", value: [768, 1024] },
  { label: "900 × 1200", value: [900, 1200] },
  { label: "800 × 1280", value: [800, 1280] },
  { label: "1024 × 1280", value: [1024, 1280] },
  { label: "768 × 1366", value: [768, 1366] },
  { label: "1200 × 1600", value: [1200, 1600] },
  { label: "1080 × 1920", value: [1080, 1920] },
  { label: "1536 × 2048", value: [1536, 2048] },
  { label: "1800 × 3200", value: [1800, 3200] },
  { label: "2160 × 3840", value: [2160, 3840] },
];

export const cropSizesMenu = new Contextmenu(cropSizes);
